,index,0,1,2
0,26457,0.10044460530512987,0.22204860815444205,0.6775067865404278
1,26458,0.2704031554026427,0.23613128808252953,0.49346555651482776
2,26459,0.022885677548659927,0.058563623680983834,0.918550698770356
3,26460,0.1073901994836818,0.1453450307789399,0.7472647697373782
4,26461,0.04112188749490759,0.15120471028777788,0.8076734022173144
5,26462,0.04128542738076493,0.10494719361959803,0.853767378999637
6,26463,0.3064897040884398,0.6875980445634389,0.005912251348121326
7,26464,0.019952953053431734,0.10757329940795451,0.8724737475386136
8,26465,0.026303231444381094,0.08582227470794035,0.8878744938476786
9,26466,0.03445755910461368,0.3343599811360987,0.6311824597592874
10,26467,0.10081258381008834,0.09808757804560768,0.8010998381443041
11,26468,0.03807345551817746,0.10976412202728911,0.8521624224545334
12,26469,0.5251346264926542,0.11755323246565826,0.3573121410416877
13,26470,0.09241753234340241,0.06476424636577258,0.8428182212908251
14,26471,0.01994670319516629,0.09259854600556017,0.8874547507992736
15,26472,0.04114367005168917,0.29300099609051555,0.6658553338577953
16,26473,0.01681489800010322,0.08543070597160315,0.8977543960282937
17,26474,0.23263436824564446,0.7601466296949668,0.0072190020593887036
18,26475,0.032924364147854775,0.10538105526482372,0.8616945805873214
19,26476,0.0339359967187347,0.13940520699742814,0.8266587962838372
20,26477,0.12190138679091203,0.16061784167188675,0.7174807715372011
21,26478,0.06238203710770828,0.07136577133764425,0.8662521915546475
22,26479,0.05277536844977375,0.13385220525643848,0.8133724262937878
23,26480,0.06029403357437586,0.06384722707371007,0.8758587393519139
24,26481,0.056120320737716764,0.3930376491848013,0.550842030077482
25,26482,0.1844049114767221,0.07374888231981938,0.7418462062034586
26,26483,0.027071922207970788,0.10402762886413089,0.8689004489278984
27,26484,0.21797614917952052,0.2708523997237079,0.5111714510967715
28,26485,0.052330652757501775,0.0556824709437959,0.8919868762987024
29,26486,0.12213747564711938,0.24265566091528146,0.6352068634375992
30,26487,0.09450646265108714,0.16793464814320694,0.7375588892057059
31,26488,0.21387316353249108,0.7534645925971796,0.03266224387032945
32,26489,0.1173323151909552,0.39654244702434266,0.4861252377847021
33,26490,0.08977394541251736,0.09377589013260788,0.8164501644548746
34,26491,0.056875566721732614,0.10136242374717802,0.8417620095310894
35,26492,0.03370668908002385,0.28625321471051507,0.680040096209461
36,26493,0.29442301754800915,0.7042108979804744,0.001366084471516434
37,26494,0.1315618334869197,0.10687075348767107,0.7615674130254093
38,26495,0.04514185270026373,0.12921967185265024,0.825638475447086
39,26496,0.14978664295114638,0.32922417422043376,0.52098918282842
40,26497,0.06732668662688931,0.7572558052094356,0.17541750816367513
41,26498,0.19536530106622152,0.407379618204923,0.39725508072885546
42,26499,0.08191428068136175,0.10057704507798632,0.817508674240652
43,26500,0.07886244877046503,0.4162201073002559,0.5049174439292792
44,26501,0.18108076912758697,0.1112400419126108,0.7076791889598022
45,26502,0.019370570207581664,0.02731871827541185,0.9533107115170065
46,26503,0.15697999469207705,0.46937537166023,0.37364463364769285
47,26504,0.12830041999456618,0.28041954499235644,0.5912800350130774
48,26505,0.040616981381595696,0.04165587486185253,0.9177271437565518
49,26506,0.04405586068245186,0.9356069424582285,0.020337196859319544
50,26507,0.3452528601757063,0.6429697683348179,0.011777371489475752
51,26508,0.04311395539094738,0.1966428044674438,0.7602432401416088
52,26509,0.05844483394572402,0.118124401323587,0.823430764730689
53,26510,0.04782277906195048,0.21910916949149822,0.7330680514465513
54,26511,0.05157997683114848,0.09922932857432398,0.8491906945945276
55,26512,0.08491260133210363,0.14738604685739623,0.7677013518105001
56,26513,0.07099208988051325,0.17871283810884853,0.7502950720106382
57,26514,0.056604920151179385,0.057345930719633655,0.886049149129187
58,26515,0.44287902779596344,0.060633816984774234,0.4964871552192624
59,26516,0.09884257384028113,0.3061977008612939,0.5949597252984251
60,26517,0.125010960058718,0.8725197429181246,0.0024692970231573945
61,26518,0.07040892806229421,0.15393551141989287,0.7756555605178129
62,26519,0.5181354551909292,0.1537542821182498,0.32811026269082105
63,26520,0.014344994212846398,0.8527099546674857,0.13294505111966806
64,26521,0.06519532388594476,0.12381133211708699,0.8109933439969682
65,26522,0.19093148897957538,0.22798281385540103,0.5810856971650236
66,26523,0.09934146683177536,0.14912898121636486,0.7515295519518598
67,26524,0.03603111098053914,0.2064209467646267,0.7575479422548341
68,26525,0.03026938730659262,0.057772152911131844,0.9119584597822755
69,26526,0.046627594120299,0.07155036953537178,0.8818220363443292
70,26527,0.048204857843878214,0.1963522516461218,0.7554428905099998
71,26528,0.12853931303157226,0.8614749277492936,0.009985759219134267
72,26529,0.1802299697402465,0.12113510000693982,0.6986349302528138
73,26530,0.0388809880020061,0.14223924885656158,0.8188797631414323
74,26531,0.03711653502157138,0.15284545898220497,0.8100380059962236
75,26532,0.022878201616276437,0.0844850890315341,0.8926367093521895
76,26533,0.07553311363179988,0.19048831196283006,0.7339785744053701
77,26534,0.02404319967289698,0.028963752922838173,0.9469930474042648
78,26535,0.04948808536598319,0.13752607772738618,0.8129858369066305
79,26536,0.11480432081478847,0.179888775893747,0.7053069032914644
80,26537,0.05183717488165551,0.034995357046314374,0.9131674680720301
81,26538,0.029156010405627462,0.261355060270047,0.7094889293243255
82,26539,0.046838102447334586,0.26325260731494776,0.6899092902377176
83,26540,0.08787117620290197,0.12972257159618555,0.7824062522009124
84,26541,0.01762667253878595,0.1181221050742465,0.8642512223869675
85,26542,0.08997837742680768,0.1403693794427439,0.7696522431304483
86,26543,0.0873104816091273,0.03461742430146698,0.8780720940894058
87,26544,0.14081338927089337,0.12164179071614983,0.7375448200129567
88,26545,0.22694911290725633,0.3065057355360022,0.4665451515567415
89,26546,0.07358870520436879,0.2590963357112611,0.6673149590843702
90,26547,0.04203492533000422,0.06318843082656556,0.8947766438434301
91,26548,0.08786593226750401,0.10881165915999741,0.8033224085724986
92,26549,0.1258020805648666,0.8698706578348688,0.004327261600264487
93,26550,0.03882625836097732,0.2024822553117227,0.7586914863273
94,26551,0.012616748322474489,0.21457238957839825,0.7728108620991272
95,26552,0.03153319050065762,0.19606183136398622,0.772404978135356
96,26553,0.08099962389871919,0.0824808664083361,0.8365195096929446
97,26554,0.062208773306887774,0.38905357837393834,0.5487376483191739
98,26555,0.14192046844612283,0.15973627941408292,0.6983432521397943
99,26556,0.02961480698037187,0.21732879088127274,0.7530564021383555
100,26557,0.051967589958727384,0.08749276717173093,0.8605396428695415
101,26558,0.4305937149299828,0.10586596219266309,0.463540322877354
102,26559,0.22055624735686458,0.0710156985040523,0.7084280541390832
103,26560,0.10573113429728624,0.2266850833465036,0.6675837823562102
104,26561,0.05287772361491406,0.24259879017053027,0.7045234862145557
105,26562,0.0324193753862307,0.06748322860946399,0.9000973960043053
106,26563,0.05613518398671448,0.059872769357967245,0.8839920466553183
107,26564,0.044259069279868134,0.13861310723316378,0.817127823486968
108,26565,0.09863582273305323,0.369422372728774,0.5319418045381727
109,26566,0.05670180652994963,0.057176242636042644,0.8861219508340077
110,26567,0.06545370898268218,0.10425113176823916,0.8302951592490786
111,26568,0.43933562821305056,0.5564714863219841,0.00419288546496532
112,26569,0.047636829134160674,0.18974479070830824,0.762618380157531
113,26570,0.0235928962053698,0.16875672760890523,0.807650376185725
114,26571,0.0373686762766073,0.06452848895267345,0.8981028347707193
115,26572,0.12270140380514771,0.21073949109051374,0.6665591051043385
116,26573,0.07115183567931316,0.10070714081405205,0.8281410235066347
117,26574,0.24451332765391146,0.060325761223215715,0.6951609111228728
118,26575,0.056326372415179515,0.11201525497361428,0.8316583726112062
119,26576,0.052750800438010254,0.03198844246995794,0.9152607570920317
120,26577,0.0629661242484526,0.11840575610531509,0.8186281196462324
121,26578,0.06362762720709324,0.2892704869766398,0.6471018858162669
122,26579,0.327028311130346,0.6709545443502416,0.002017144519412358
123,26580,0.04675203090230937,0.06935962750046697,0.8838883415972236
124,26581,0.07670955246276362,0.3065983667807667,0.6166920807564695
125,26582,0.026687357586043573,0.05876682206207756,0.9145458203518789
126,26583,0.03829320203159822,0.08332625866582213,0.8783805393025796
127,26584,0.07898413392599381,0.06899076314809358,0.8520251029259127
128,26585,0.1366558720020336,0.41247366869935953,0.4508704592986069
129,26586,0.37420777095733926,0.2823828113635544,0.3434094176791064
130,26587,0.2019625507255831,0.44871387065309387,0.34932357862132296
131,26588,0.019476648863892332,0.1072158769595867,0.8733074741765209
132,26589,0.061340857872928464,0.08144157090440501,0.8572175712226665
133,26590,0.10353465501516172,0.36307973810288885,0.5333856068819494
134,26591,0.10244935991699469,0.8957873452249686,0.0017632948580367735
135,26592,0.37905238650939005,0.07480761304584735,0.5461400004447626
136,26593,0.03990946705212613,0.18545987026679336,0.7746306626810806
137,26594,0.12845556038337516,0.12176915183508889,0.749775287781536
138,26595,0.028582226701461315,0.09390729997674345,0.8775104733217953
139,26596,0.01924681203213674,0.10186153478435542,0.8788916531835078
140,26597,0.08233516328749764,0.2968953529457661,0.6207694837667364
141,26598,0.022888776452225906,0.11796124276756467,0.8591499807802095
142,26599,0.08522604864170642,0.09484916977865328,0.8199247815796402
143,26600,0.031320500940178644,0.06755922734456103,0.9011202717152602
144,26601,0.11359222041069116,0.18801053710497476,0.698397242484334
145,26602,0.07256447146275823,0.09801834513834981,0.829417183398892
146,26603,0.07088470490598883,0.14163898140705383,0.7874763136869573
147,26604,0.18360515791784354,0.1702410515903173,0.6461537904918392
148,26605,0.08962634594517851,0.11101549664283353,0.799358157411988
149,26606,0.23259388308265344,0.17736472897164537,0.5900413879457013
150,26607,0.08349685189679888,0.890648554616133,0.025854593487068082
151,26608,0.021415291156358086,0.07722951839480881,0.901355190448833
152,26609,0.07711867033993786,0.1280452985153487,0.7948360311447134
153,26610,0.4234128982478246,0.5249119014171545,0.05167520033502096
154,26611,0.1225637491644047,0.271638218297577,0.6057980325380183
155,26612,0.09932504317344183,0.2158945561645339,0.6847804006620242
156,26613,0.11984591883538312,0.20542936902340117,0.6747247121412157
157,26614,0.07954188096889406,0.11852714456154403,0.8019309744695619
158,26615,0.08104189201282799,0.1288596025555823,0.7900985054315897
159,26616,0.10896390412158002,0.053042385684403746,0.8379937101940161
160,26617,0.14243575272029874,0.11523976009488136,0.7423244871848198
161,26618,0.02271843666696907,0.07280208780362193,0.904479475529409
162,26619,0.20156147058270277,0.2445887763736892,0.553849753043608
163,26620,0.11384318163124439,0.8638668285367477,0.022289989832007924
164,26621,0.06059887382315138,0.07436677649281183,0.8650343496840368
165,26622,0.10462830693651991,0.5098777837167462,0.38549390934673383
166,26623,0.03134950898666002,0.5364420290759283,0.4322084619374117
167,26624,0.035403373932203795,0.06597146227204996,0.8986251637957463
168,26625,0.01753099374931245,0.10940162121311334,0.8730673850375743
169,26626,0.2176436582803092,0.10002383834432593,0.6823325033753649
170,26627,0.05132645104100218,0.11804137941237831,0.8306321695466194
171,26628,0.03214139896060679,0.16990801904219857,0.7979505819971947
172,26629,0.07287863892913067,0.08577465551056036,0.841346705560309
173,26630,0.18767574352186184,0.27304724813067716,0.539277008347461
174,26631,0.09519066276125097,0.2615298803201844,0.6432794569185647
175,26632,0.2976138327441685,0.18305651067670392,0.5193296565791277
176,26633,0.045328753588139696,0.05814071306545503,0.8965305333464053
177,26634,0.02856654413108749,0.044170627957671044,0.9272628279112414
178,26635,0.07629960289434136,0.24417587387159845,0.6795245232340602
179,26636,0.04073158080419574,0.27064092305314874,0.6886274961426557
180,26637,0.021388826345843125,0.050045907656006125,0.9285652659981507
181,26638,0.07388707727206596,0.7039321339132878,0.22218078881464626
182,26639,0.09591915135314937,0.05658829587366819,0.8474925527731825
183,26640,0.03381552557278645,0.049757099893678755,0.9164273745335347
184,26641,0.13645330235042655,0.5054977331648858,0.3580489644846877
185,26642,0.05687042869239772,0.058645751614096596,0.8844838196935056
186,26643,0.04392799400991659,0.11953234440339042,0.836539661586693
187,26644,0.14136535592423308,0.14898275676751108,0.7096518873082558
188,26645,0.03904668728851427,0.08692095341269788,0.874032359298788
189,26646,0.745793733499003,0.10148595361808527,0.15272031288291177
190,26647,0.06526807763563545,0.1061774907757406,0.8285544315886241
191,26648,0.11542296961340734,0.5693218596189207,0.31525517076767207
192,26649,0.05226330756715438,0.1247217845934072,0.8230149078394383
193,26650,0.3747118449573544,0.5960027177201719,0.029285437322473823
194,26651,0.2572790013880372,0.7294386193662421,0.013282379245720627
195,26652,0.2874564440857672,0.14578885695361926,0.5667546989606136
196,26653,0.26810446311836084,0.15693237106576413,0.574963165815875
197,26654,0.09296771119998776,0.08512009628564644,0.8219121925143659
198,26655,0.04622136543085617,0.28499123101536816,0.6687874035537757
199,26656,0.06520540680905619,0.09970598891353652,0.8350886042774073
200,26657,0.12442575289905601,0.12042575069907889,0.7551484964018652
201,26658,0.07681818838677196,0.1345837500811166,0.7885980615321114
202,26659,0.23455732635404897,0.1744300139926849,0.5910126596532661
203,26660,0.10609934886957464,0.2807111104214735,0.6131895407089518
204,26661,0.12122247888371399,0.09823480658487696,0.780542714531409
205,26662,0.03156810341692014,0.1433542126403834,0.8250776839426963
206,26663,0.0318905969575746,0.06218264485007359,0.9059267581923517
207,26664,0.10226051311897635,0.12708000309077094,0.7706594837902527
208,26665,0.18630193518106403,0.20045104233868022,0.6132470224802559
209,26666,0.09815285051266813,0.12424681572611569,0.7776003337612162
210,26667,0.023767469536798688,0.07910570299360598,0.8971268274695954
211,26668,0.1347739589429963,0.41352420688623137,0.45170183417077225
212,26669,0.08315778185585465,0.16643263851366813,0.7504095796304772
213,26670,0.14921688041932168,0.2416996011226718,0.6090835184580065
214,26671,0.03755052407788355,0.07814939283588025,0.8843000830862362
215,26672,0.06010181455404586,0.08318307309589312,0.8567151123500611
216,26673,0.1529208370184107,0.22321571841419957,0.6238634445673898
217,26674,0.5216372537508074,0.038015438984266965,0.44034730726492566
218,26675,0.14009044258659065,0.16710559073594888,0.6928039666774604
219,26676,0.06809807321392974,0.08720515732329448,0.8446967694627757
220,26677,0.03316006237431127,0.06075851727771221,0.9060814203479766
221,26678,0.13300647347006622,0.30870317063565794,0.5582903558942758
222,26679,0.16647956934079775,0.10830147485078262,0.7252189558084196
223,26680,0.02512494079914579,0.09309646615365245,0.881778593047202
224,26681,0.018071210234611806,0.04902394592922965,0.9329048438361586
225,26682,0.15379662579558911,0.12826520856390258,0.7179381656405083
226,26683,0.03409978371196849,0.3355742832711149,0.6303259330169168
227,26684,0.020610872089217542,0.15123750517178314,0.8281516227389992
228,26685,0.20256125244864923,0.11310858048456608,0.6843301670667847
229,26686,0.05647436094115668,0.08582386106596306,0.8577017779928803
230,26687,0.08227722991277654,0.37042088994766836,0.5473018801395552
231,26688,0.13491480661385752,0.6571474123973878,0.20793778098875465
232,26689,0.07833763253503684,0.20939112610511057,0.7122712413598525
233,26690,0.035946803278444864,0.1753750312895447,0.7886781654320104
234,26691,0.08359470936034555,0.13166790025772784,0.7847373903819266
235,26692,0.036998006615260634,0.31033723953982395,0.6526647538449154
236,26693,0.34165563398210497,0.16800904646622927,0.49033531955166576
237,26694,0.6003651930181614,0.39309910455947455,0.006535702422364076
238,26695,0.09804385312754406,0.08943696840441787,0.8125191784680382
239,26696,0.02042649906888499,0.13142735527871055,0.8481461456524044
240,26697,0.038044712188869415,0.05517487258705588,0.9067804152240746
241,26698,0.10616620234266028,0.30180478894834184,0.5920290087089978
242,26699,0.012764093754863946,0.10858006668298141,0.8786558395621545
243,26700,0.052643402392868154,0.30112785041880213,0.6462287471883297
244,26701,0.13494662218626693,0.5043620499380053,0.36069132787572783
245,26702,0.11691900393888978,0.208338659475801,0.6747423365853092
246,26703,0.04917232876525589,0.15314462558029354,0.7976830456544506
247,26704,0.03800387715447712,0.10519483391613839,0.8568012889293845
248,26705,0.04255082536056149,0.05773148144988542,0.8997176931895529
249,26706,0.0494979053225963,0.10626787089205246,0.8442342237853513
250,26707,0.4953112043159764,0.13381290036803242,0.37087589531599113
251,26708,0.0791776689263246,0.09994553683319975,0.8208767942404755
252,26709,0.07698062988954736,0.06217278009052737,0.8608465900199253
253,26710,0.07835593556403775,0.13146064788370443,0.7901834165522578
254,26711,0.17405839085990227,0.10903369748559755,0.7169079116545003
255,26712,0.05889430612356597,0.12550076299393262,0.8156049308825014
256,26713,0.11323614615188077,0.29779247348508864,0.5889713803630306
257,26714,0.07728982460766545,0.14856283284772107,0.7741473425446136
258,26715,0.054060501970398876,0.2265074112091697,0.7194320868204316
259,26716,0.09186370453249736,0.6807810677333652,0.22735522773413736
260,26717,0.03663278516780738,0.13884065502492696,0.8245265598072657
261,26718,0.049707482261278475,0.17153255748969715,0.7787599602490245
262,26719,0.10035494981081315,0.3715029803329994,0.5281420698561875
263,26720,0.06353038558600307,0.22891710748313432,0.7075525069308626
264,26721,0.043636272184976496,0.2416070980319499,0.7147566297830736
265,26722,0.07199582891090046,0.13152611991169855,0.7964780511774011
266,26723,0.07294259664603253,0.08507463245401399,0.8419827708999533
267,26724,0.08581301259917011,0.3917223595319591,0.5224646278688708
268,26725,0.020069927000025092,0.32046168325514307,0.6594683897448319
269,26726,0.158626484472472,0.4716917025353116,0.3696818129922163
270,26727,0.041295050094819034,0.12052225028443751,0.8381826996207435
271,26728,0.06951128767737559,0.0883742671403616,0.8421144451822626
272,26729,0.07344070736096608,0.1754581922889788,0.7511011003500552
273,26730,0.12121055290580154,0.4532797188476007,0.4255097282465977
274,26731,0.030952085459988392,0.10476981284252275,0.8642781016974888
275,26732,0.09396803132583366,0.9019143271275127,0.004117641546653664
276,26733,0.10325161616301354,0.044346320060886575,0.8524020637761001
277,26734,0.09059428193738951,0.17470812142466685,0.7346975966379437
278,26735,0.04241780177677375,0.09935104166306981,0.8582311565601566
279,26736,0.0919125603853684,0.1693905490186161,0.7386968905960154
280,26737,0.13670616441258185,0.29056643980597113,0.5727273957814469
281,26738,0.0320867109363082,0.05029586295001785,0.917617426113674
282,26739,0.36587525367825174,0.08922391543268884,0.5449008308890594
283,26740,0.01575568711952318,0.04408077314851433,0.9401635397319625
284,26741,0.10993683050366448,0.8861987121553426,0.0038644573409929665
285,26742,0.07060253420365589,0.06181215087682434,0.8675853149195197
286,26743,0.021478199454154946,0.0700862419721707,0.9084355585736744
287,26744,0.10118293712482454,0.2727815431380721,0.6260355197371035
288,26745,0.0658892308019438,0.17544152121619544,0.7586692479818608
289,26746,0.21141304369528768,0.2085892499320691,0.5799977063726433
290,26747,0.09276544306732104,0.4839267708061255,0.4233077861265534
291,26748,0.2859360670549631,0.35517682352494606,0.3588871094200909
292,26749,0.03700755819403802,0.168545832630291,0.7944466091756709
293,26750,0.07710833106637265,0.05454534684887644,0.868346322084751
294,26751,0.051398221843800475,0.21755907451808448,0.7310427036381151
295,26752,0.05772930933165591,0.47732316121036705,0.464947529457977
296,26753,0.06866687705491371,0.19747354402719514,0.7338595789178911
297,26754,0.13862052636832586,0.03700957299120347,0.8243699006404707
298,26755,0.027724411363162085,0.059592662200476036,0.9126829264363618
299,26756,0.12307337850424636,0.04928062150778832,0.8276459999879654
300,26757,0.09194359382933569,0.08865296112900814,0.8194034450416562
301,26758,0.08216587119147963,0.3486015021609209,0.5692326266475995
302,26759,0.03686085610055208,0.33922305380711765,0.6239160900923302
303,26760,0.12224855711272464,0.3322540756295605,0.5454973672577149
304,26761,0.024594747919427163,0.11069387539493639,0.8647113766856365
305,26762,0.048047791433554414,0.09328290216284423,0.8586693064036015
306,26763,0.03023170292424611,0.21722353791505683,0.7525447591606971
307,26764,0.09785177950164264,0.303766880666472,0.5983813398318854
308,26765,0.10716733517957508,0.059432307760172914,0.8334003570602521
309,26766,0.07772391555766106,0.23702098003779834,0.6852551044045406
310,26767,0.09286849944604672,0.205259297091094,0.7018722034628593
311,26768,0.05599315684537868,0.9410449929392007,0.0029618502154205367
312,26769,0.08396617029045172,0.3781622487763662,0.5378715809331821
313,26770,0.14339460372679402,0.12446711455384005,0.7321382817193659
314,26771,0.2211224106947616,0.7695602224165876,0.00931736688865083
315,26772,0.5440025027946732,0.049890163652924084,0.40610733355240275
316,26773,0.055543688536763766,0.11567860322193578,0.8287777082413004
317,26774,0.023031402422632595,0.10556938766399462,0.8713992099133727
318,26775,0.07715882679447965,0.2783036226847889,0.6445375505207313
319,26776,0.03347357707656174,0.04260135052297376,0.9239250724004645
320,26777,0.13959706486636994,0.2517631993527721,0.608639735780858
321,26778,0.053508891070024905,0.11840974988596348,0.8280813590440116
322,26779,0.05988623250664863,0.06916127336811613,0.8709524941252351
323,26780,0.07096614277783946,0.15133332203678204,0.7777005351853785
324,26781,0.038998245191939396,0.11373544221915756,0.847266312588903
325,26782,0.06360015383417962,0.06481702664924743,0.8715828195165729
326,26783,0.24249103455470705,0.1866619986558187,0.5708469667894741
327,26784,0.09058414249530479,0.5563314615591581,0.3530843959455371
328,26785,0.05927879600402463,0.1681481146386649,0.7725730893573104
329,26786,0.5408194821795673,0.06246937387999733,0.3967111439404354
330,26787,0.021970329960377254,0.049080149091924256,0.9289495209476984
331,26788,0.2036017553012217,0.18322414513540897,0.6131740995633693
332,26789,0.038043881478769054,0.1831504048965706,0.7788057136246603
333,26790,0.04010350700325464,0.2233809659386412,0.7365155270581042
334,26791,0.0478923273389412,0.07096457776096063,0.8811430949000981
335,26792,0.05989359782802964,0.1101571557156715,0.829949246456299
336,26793,0.028348587022044146,0.11560420501334835,0.8560472079646075
337,26794,0.04707135186826906,0.14455671196822628,0.8083719361635048
338,26795,0.12100239379445558,0.36698602150482923,0.5120115847007151
339,26796,0.057454076406217504,0.9412639580362454,0.0012819655575370297
340,26797,0.07710386231987078,0.32258829642336206,0.6003078412567672
341,26798,0.31813939137548813,0.13140707671023713,0.5504535319142747
342,26799,0.021995614884294773,0.11086481062999531,0.86713957448571
343,26800,0.039275253732019455,0.9515256026921945,0.00919914357578593
344,26801,0.08522511219725347,0.49712646584818554,0.4176484219545611
345,26802,0.06527798647673401,0.1152738918569847,0.8194481216662812
346,26803,0.0275937278953386,0.1460859983659032,0.8263202737387583
347,26804,0.02241503555866115,0.16422431082732136,0.8133606536140174
348,26805,0.01985151866511865,0.08904424014621103,0.8911042411886703
349,26806,0.04832930671658985,0.07701227661971836,0.8746584166636917
350,26807,0.047708737396298544,0.09766559587822912,0.8546256667254724
351,26808,0.029592956098804104,0.2643700799619142,0.7060369639392817
352,26809,0.060448925848833636,0.20068630060185297,0.7388647735493133
353,26810,0.03326084997150955,0.1778079977508355,0.7889311522776549
354,26811,0.04090550206559561,0.09382605667774073,0.8652684412566635
355,26812,0.04398205021558072,0.08469005724724099,0.8713278925371782
356,26813,0.048904514645754585,0.6048148993228685,0.346280586031377
357,26814,0.07539799137732608,0.09093365169966139,0.8336683569230126
358,26815,0.13835263466898579,0.16937130743399664,0.6922760578970177
359,26816,0.05343966098995312,0.4346241284492859,0.511936210560761
360,26817,0.10051333492757303,0.04364406575075544,0.8558425993216715
361,26818,0.34471425111926457,0.12255919228614606,0.5327265565945895
362,26819,0.06009736675591795,0.3103201674827916,0.6295824657612904
363,26820,0.13781309425582372,0.8575311807383609,0.004655725005815252
364,26821,0.05787358273987538,0.9343736046016898,0.007752812658434853
365,26822,0.0691502125294585,0.14378879674548029,0.7870609907250613
366,26823,0.035419151973934256,0.11845386923494702,0.8461269787911189
367,26824,0.10505817138711972,0.1983960561684137,0.6965457724444666
368,26825,0.05086281112775848,0.15441898269255813,0.7947182061796834
369,26826,0.0800572019941053,0.05266889783161212,0.8672739001742825
370,26827,0.04163640671514857,0.18026240629225157,0.7781011869925999
371,26828,0.04574742075943957,0.10655993862031068,0.8476926406202497
372,26829,0.021014198951193937,0.04463049162029676,0.9343553094285093
373,26830,0.1157222065042102,0.17411396976226748,0.7101638237335224
374,26831,0.0668933501960096,0.06988056673859089,0.8632260830653994
375,26832,0.010332156843671085,0.033359356129046044,0.9563084870272829
376,26833,0.05834522039743881,0.09889134253385168,0.8427634370687096
377,26834,0.027849404518791063,0.215142204387233,0.757008391093976
378,26835,0.7512456667601448,0.05912680096144964,0.1896275322784056
379,26836,0.07353985535376258,0.5179097076198279,0.4085504370264095
380,26837,0.07881407691124179,0.018457862841431298,0.9027280602473269
381,26838,0.13973235291810981,0.4290308373356459,0.43123680974624423
382,26839,0.7461458197897671,0.0514655403900336,0.2023886398201992
383,26840,0.0715900445017163,0.13593526738707556,0.7924746881112081
384,26841,0.018286886089153187,0.05516863231305935,0.9265444815977876
385,26842,0.008276289231415084,0.06543831013291035,0.9262854006356747
386,26843,0.06557703756546318,0.09747156012854108,0.8369514023059957
387,26844,0.07661324359949931,0.5833531227209454,0.3400336336795553
388,26845,0.5517353515587684,0.03970117419180518,0.40856347424942635
389,26846,0.03398009766604411,0.07043589163453383,0.8955840106994221
390,26847,0.023348313533808854,0.19299572790306338,0.7836559585631278
391,26848,0.13435484587168411,0.0671958651240597,0.798449289004256
392,26849,0.23491048071466591,0.11231658728910465,0.6527729319962294
393,26850,0.11351707292654854,0.24506353545442344,0.6414193916190281
394,26851,0.09874514244142722,0.17048466433801268,0.73077019322056
395,26852,0.16803505954850217,0.5711373947414694,0.2608275457100284
396,26853,0.05775386092491155,0.07197212151595307,0.8702740175591352
397,26854,0.03804629119543316,0.9609379004591645,0.0010158083454023768
398,26855,0.08494200000711852,0.3674413717158712,0.5476166282770102
399,26856,0.11419080531073594,0.05160331528918446,0.8342058794000796
400,26857,0.07637119711672335,0.24176485814052448,0.6818639447427521
401,26858,0.0465832889003087,0.7388255053792623,0.21459120572042903
402,26859,0.06085976374101782,0.6290639640852702,0.31007627217371203
403,26860,0.050261116696512426,0.6180503391306916,0.331688544172796
404,26861,0.07553385201958682,0.21254126541054513,0.7119248825698682
405,26862,0.09070998084169644,0.06405097742516062,0.8452390417331428
406,26863,0.027083594911123512,0.10830070787453865,0.8646156972143377
407,26864,0.041463436077484886,0.3327197517734681,0.625816812149047
408,26865,0.053668925947931295,0.15063191556062364,0.795699158491445
409,26866,0.03128590643919067,0.15104984597710733,0.817664247583702
410,26867,0.08441449244137259,0.09723960980169606,0.8183458977569313
411,26868,0.14077512290575755,0.2779183566483066,0.581306520445936
412,26869,0.0903060796015565,0.054576915389054126,0.8551170050093895
413,26870,0.026269908473231653,0.7042991362572599,0.26943095526950844
414,26871,0.04887851280049436,0.17065236606242612,0.7804691211370796
415,26872,0.06530898343352863,0.18073044059801438,0.7539605759684571
416,26873,0.06460947311208713,0.1656542260192758,0.7697363008686371
417,26874,0.07538931315195875,0.28744816128859046,0.6371625255594506
418,26875,0.0591464169708199,0.2358136158648075,0.7050399671643727
419,26876,0.01268684762642558,0.051661869279535734,0.9356512830940388
420,26877,0.050689463090093964,0.05449338298180744,0.8948171539280985
421,26878,0.07653574003158484,0.08642041835493068,0.8370438416134847
422,26879,0.04966126574076059,0.17901769685326355,0.7713210374059759
423,26880,0.3160384737407152,0.060347016744361374,0.6236145095149234
424,26881,0.025695996244538773,0.20682617991442365,0.7674778238410377
425,26882,0.11638718183955303,0.08193105325862084,0.8016817649018261
426,26883,0.009199706457314839,0.06295721581538358,0.9278430777273015
427,26884,0.07795803640626972,0.3952561820716832,0.5267857815220471
428,26885,0.12446379292764444,0.07009175965872955,0.805444447413626
429,26886,0.02971787643461849,0.07674519557528363,0.893536927990098
430,26887,0.03276223157670667,0.10053903744578543,0.8666987309775078
431,26888,0.13022607526224309,0.2110545524070086,0.6587193723307482
432,26889,0.05342116407775644,0.06400826702943554,0.8825705688928079
433,26890,0.13173461842685943,0.3051659751519083,0.5630994064212322
434,26891,0.11323634279797039,0.35327605133727946,0.5334876058647501
435,26892,0.17021670079834728,0.27667034275673724,0.5531129564449154
436,26893,0.11452491484804328,0.21382233675062037,0.6716527484013363
437,26894,0.10932437910198861,0.21383581255297174,0.6768398083450397
438,26895,0.1419772167736191,0.29926471147333084,0.5587580717530501
439,26896,0.01347076469851992,0.10711599537276065,0.8794132399287193
440,26897,0.05493724412856757,0.20979299732235976,0.7352697585490727
441,26898,0.032119220116236184,0.12994467362303824,0.8379361062607256
442,26899,0.03391029680589174,0.05027231140366641,0.9158173917904417
443,26900,0.04274087151365341,0.20920558642716353,0.7480535420591831
444,26901,0.05078118188422737,0.27107710412781066,0.678141713987962
445,26902,0.025417918591114082,0.015270483798138184,0.9593115976107479
446,26903,0.08810011881249928,0.17779989389249062,0.7340999872950101
447,26904,0.4501405804159975,0.532687063875102,0.017172355708900383
448,26905,0.049415124962416,0.2118251784028465,0.7387596966347376
449,26906,0.024304126759488988,0.09016070989458104,0.88553516334593
450,26907,0.09888146623191713,0.07463692455814801,0.826481609209935
451,26908,0.14648951781792305,0.12117434474757924,0.7323361374344975
452,26909,0.07257729501130819,0.47625185600538217,0.45117084898330956
453,26910,0.08163230959047582,0.4078471931173333,0.510520497292191
454,26911,0.16353813712283427,0.17887934935243732,0.6575825135247284
455,26912,0.046834857078110595,0.09814494175952179,0.8550202011623677
456,26913,0.4034533252124517,0.11532330618953206,0.4812233685980163
457,26914,0.04199298870057066,0.1839801758639114,0.7740268354355179
458,26915,0.04480692133966983,0.04471855728092077,0.9104745213794093
459,26916,0.18086157809553643,0.8172757154417091,0.0018627064627545552
460,26917,0.05241052190452127,0.15073526354957478,0.796854214545904
461,26918,0.10750570984123758,0.10298256096755365,0.7895117291912088
462,26919,0.4986801237316489,0.14418556265469681,0.3571343136136543
463,26920,0.06667764342090972,0.3135283304253792,0.6197940261537112
464,26921,0.03364373315391972,0.6494610646151027,0.31689520223097767
465,26922,0.08107538902825993,0.22750630358608007,0.6914183073856599
466,26923,0.04029654906919902,0.08053105513791411,0.8791723957928869
467,26924,0.03795747515195499,0.19412687501301137,0.7679156498350336
468,26925,0.01114797810626713,0.025761054084208833,0.963090967809524
469,26926,0.06639871194808106,0.21954507245770233,0.7140562155942166
470,26927,0.15232326528729606,0.12480670810586261,0.7228700266068414
471,26928,0.02686180492749364,0.969592701556826,0.003545493515680221
472,26929,0.07826168331780754,0.1956679996554481,0.7260703170267444
473,26930,0.06836177307106996,0.5059290092024504,0.4257092177264797
474,26931,0.06494825402948881,0.932066142096061,0.0029856038744501224
475,26932,0.0733308150815229,0.4457053782082344,0.4809638067102427
476,26933,0.45065257483229026,0.08642734318925799,0.4629200819784517
477,26934,0.043892077811892104,0.14126894181876282,0.814838980369345
478,26935,0.06892811977836971,0.08343287029608021,0.84763900992555
479,26936,0.04306063254517032,0.049041748231679935,0.9078976192231497
480,26937,0.10929485884273062,0.29834615943709997,0.5923589817201693
481,26938,0.17850122853500835,0.8061989339737636,0.01529983749122818
482,26939,0.3653593949148582,0.616215224088968,0.018425380996173798
483,26940,0.1994085730995716,0.12025973219996494,0.6803316947004635
484,26941,0.10217424497297692,0.22056846838849997,0.6772572866385231
485,26942,0.0675225025143807,0.22476237155657056,0.7077151259290488
486,26943,0.02858070890074718,0.3906629131986742,0.5807563779005787
487,26944,0.11920740600394884,0.11619235009572294,0.7646002439003282
488,26945,0.06837286850626428,0.1535532460590392,0.7780738854346965
489,26946,0.02582049844506773,0.1018863427835559,0.8722931587713764
490,26947,0.06404957400275735,0.22218247911933045,0.7137679468779122
491,26948,0.0903984188321124,0.27030391101690526,0.6392976701509823
492,26949,0.32757947855224,0.09538866988449479,0.5770318515632652
493,26950,0.168562684161302,0.10194352868491051,0.7294937871537875
494,26951,0.5803369909714503,0.21545052994518493,0.20421247908336482
495,26952,0.1357535611023933,0.1412181919428015,0.7230282469548052
496,26953,0.08061000755256581,0.30051110336997694,0.6188788890774573
497,26954,0.018512176028258914,0.10809805813069552,0.8733897658410457
498,26955,0.08884195917456497,0.4679613743318017,0.44319666649363343
499,26956,0.15161825606545928,0.22742376951515436,0.6209579744193865
500,26957,0.6801849770507558,0.12289593862430828,0.19691908432493593
501,26958,0.16451919552021596,0.18266649306285423,0.6528143114169298
502,26959,0.025910767634594822,0.09701180830295031,0.8770774240624548
503,26960,0.06305794993747642,0.13958145616333045,0.7973605938991931
504,26961,0.04044403679480437,0.1318451843666113,0.8277107788385842
505,26962,0.02780305800107342,0.636624618319157,0.33557232367976964
506,26963,0.34165563398210497,0.16800904646622927,0.49033531955166576
507,26964,0.05602268890837832,0.12368831407130954,0.8202889970203122
508,26965,0.03517603754971815,0.5330684679183857,0.43175549453189616
509,26966,0.01347076469851992,0.10711599537276065,0.8794132399287193
510,26967,0.04524603849490857,0.05906963591726355,0.8956843255878278
511,26968,0.05312186609123012,0.22882523003102873,0.7180529038777412
512,26969,0.0275830289119371,0.13865868573356627,0.8337582853544967
513,26970,0.21467812981295836,0.12058171184148568,0.664740158345556
514,26971,0.043499709893837675,0.27157223251860374,0.6849280575875585
515,26972,0.06176113406020696,0.11595945427328488,0.8222794116665082
516,26973,0.03143389766150852,0.06808714259918795,0.9004789597393035
517,26974,0.05644299907087839,0.05445840910543641,0.8890985918236851
518,26975,0.07961070932074302,0.04082257063299173,0.8795667200462652
519,26976,0.07088637143774011,0.9165102470844826,0.01260338147777739
520,26977,0.0691819308194577,0.12030095662148343,0.8105171125590589
521,26978,0.0302379146721926,0.1654046877461772,0.8043573975816303
522,26979,0.07590137592600033,0.35647542440585617,0.5676231996681436
523,26980,0.0415476675188252,0.06388068221823119,0.8945716502629436
524,26981,0.06727841645082258,0.2107980953152521,0.7219234882339252
525,26982,0.05587855533862078,0.14776962872103347,0.7963518159403458
526,26983,0.10352907627886519,0.1762084222858607,0.7202625014352741
527,26984,0.04518555458486578,0.1586978104894567,0.7961166349256775
528,26985,0.0698479050131855,0.26807166768979557,0.662080427297019
529,26986,0.06801304312254941,0.04859820662064131,0.8833887502568094
530,26987,0.0287776705440112,0.11276830503196232,0.8584540244240264
531,26988,0.08976138844368946,0.4373277360640202,0.47291087549229044
532,26989,0.061216415403350086,0.1677931722968312,0.7709904122998188
533,26990,0.09067794883822983,0.07679396298412282,0.8325280881776473
534,26991,0.0435442889704162,0.11866750061217272,0.8377882104174111
535,26992,0.064234395071824,0.5335731547800981,0.40219245014807786
536,26993,0.03177445572286821,0.10028879971571031,0.8679367445614216
537,26994,0.17626533415112228,0.11108199395026364,0.7126526718986141
538,26995,0.03446368428618242,0.15932655461361442,0.806209761100203
539,26996,0.020725690229448347,0.10136187102705572,0.8779124387434959
540,26997,0.20927858803904745,0.4870022503116611,0.30371916164929147
541,26998,0.3083292017490222,0.053314037327353986,0.6383567609236237
542,26999,0.32154288178367413,0.16118678525803176,0.517270332958294
543,27000,0.07530520506684532,0.49621029835281627,0.42848449658033855
544,27001,0.061112991990182615,0.3042194332868665,0.6346675747229508
545,27002,0.07454134834433915,0.3111700479198353,0.6142886037358255
546,27003,0.25370143249916016,0.1903192548242962,0.5559793126765437
547,27004,0.07946421331290406,0.1363991740400021,0.7841366126470938
548,27005,0.05836095352112371,0.3422608597312955,0.5993781867475809
549,27006,0.04865204298009489,0.1058051268544148,0.8455428301654904
550,27007,0.04849569043040407,0.574078472017704,0.37742583755189196
551,27008,0.15729702568977566,0.32023434015138125,0.522468634158843
552,27009,0.06413198515103093,0.1831872294348984,0.7526807854140708
553,27010,0.016495181152279485,0.21885015996618068,0.7646546588815397
554,27011,0.17253204152934032,0.43168621152032527,0.39578174695033447
555,27012,0.011784245828720185,0.041082408242789505,0.9471333459284902
556,27013,0.10492968877492377,0.10729092323626063,0.7877793879888155
557,27014,0.1503431853788459,0.09037753791994196,0.7592792767012123
558,27015,0.05703776130163685,0.1603260869477894,0.7826361517505739
559,27016,0.025649044455278602,0.05601924206951203,0.9183317134752094
560,27017,0.049555215218343135,0.13213920497110232,0.8183055798105545
561,27018,0.08044372746420163,0.10953307318048293,0.8100231993553155
562,27019,0.09423938294404388,0.13313433882405543,0.7726262782319007
563,27020,0.02801719666803315,0.45660237801819514,0.5153804253137718
564,27021,0.04140489955852106,0.3137695864547745,0.6448255139867044
565,27022,0.17011327277283989,0.10284434720231603,0.7270423800248441
566,27023,0.17486877695256062,0.39197094019818235,0.4331602828492571
567,27024,0.07788618940094506,0.25893358525244103,0.6631802253466139
568,27025,0.132020927909278,0.11736651385548368,0.7506125582352384
569,27026,0.04915625071654633,0.0813214990512531,0.8695222502322004
570,27027,0.11694379689606862,0.06715856224574075,0.8158976408581906
571,27028,0.27937170096022956,0.18390107481653523,0.5367272242232353
572,27029,0.04570873937069472,0.17949575227418074,0.7747955083551245
573,27030,0.12711972622984039,0.5325520053619667,0.34032826840819286
574,27031,0.5282306622522162,0.14380782852295904,0.3279615092248248
575,27032,0.28989670026077885,0.1046493521735298,0.6054539475656914
576,27033,0.07774383671014723,0.07645945296963672,0.845796710320216
577,27034,0.11479428888105521,0.09173668628978064,0.793469024829164
578,27035,0.7053739534304936,0.0840999593787222,0.2105260871907843
579,27036,0.04922891874187787,0.05211705645443478,0.8986540248036875
580,27037,0.23060729246706116,0.15564753618849975,0.6137451713444391
581,27038,0.04487695643599652,0.13543501476401282,0.8196880287999907
582,27039,0.34043285648316357,0.1998881591126046,0.4596789844042319
